ma = 0.1;
m2 = 0.089 + ma*2
l2 = 388.2
lc2 = (0.089*l2/2 + ma*2*l2)/m2
I2 = 4.381e+3 + ma*2*l2^2
Ic2 = I2 - m2*lc2^2